sdr_kfold_shap_10_aplha03_25_1000_l1,sir_intensity_total_shap_10_aplha03,binary_classifier_sota_10,sdr_average_10_aplha03_1000_l1,perturb_radius
0.0,0.0,0.0,0.0,0.0
4.031645822916709e-19,1.5223705521667802e-18,1.5446558007311038e-18,1.1937781955068256e-18,0.011111111111111112
1.3194732550111659e-19,3.4838353684058416e-19,2.45162340564227e-19,8.90939944100911e-19,0.022222222222222223
2.59451679455826e-19,2.408941415307979e-17,5.649282893155786e-19,5.993985560712862e-19,0.03333333333333333
2.282587627706756e-19,1.1359355892552302e-19,2.2706126633646365e-19,3.285916856753791e-19,0.044444444444444446
1.369754003755437e-18,1.3365362029812972e-18,7.298233307378491e-19,3.250011354417575e-19,0.05555555555555556
9.442939989745473e-20,1.0398253947018504e-18,1.3936804575534624e-19,4.087677665056974e-19,0.06666666666666667
6.318817497829339e-19,8.966368337169257e-19,1.6395437370775575e-18,9.803651255980566e-19,0.07777777777777778
4.775909789301561e-19,2.0343243400466686e-18,2.634646561273821e-19,4.578390090805051e-19,0.08888888888888889
1.5202121739894597e-19,7.543645236700529e-19,9.901439751355618e-18,5.486339610586589e-19,0.1
