sdr_kfold_shap_10_aplha03_25_1000_l1,sir_intensity_total_shap_10_aplha03,binary_classifier_sota_10,sdr_average_10_aplha03_1000_l1,perturb_radius
0.0,0.0,0.0,0.0,0.0
2.4792691419861514e-07,8.658140018269478e-08,1.4681261575333338e-07,1.3635589084515233e-07,0.011111111111111112
3.814778040123201e-08,5.978613586421488e-08,5.171571046957979e-08,4.880946846697043e-08,0.022222222222222223
8.848696211316565e-08,5.412147174865822e-08,5.387293882108679e-08,9.4266232508744e-08,0.03333333333333333
7.06837667507898e-08,4.179939310233749e-08,4.632164518625359e-08,2.5227406297290143e-08,0.044444444444444446
1.2517566574388184e-07,7.614937374000874e-08,1.28958451739436e-07,5.143277199692875e-08,0.05555555555555556
8.588111768403906e-08,2.160126086891978e-07,4.346201194493915e-08,1.0948982520631034e-07,0.06666666666666667
1.0033862878344735e-07,6.504415424046784e-08,2.196109614160946e-07,7.950636700115865e-08,0.07777777777777778
6.241788490513045e-08,2.1713262299272174e-08,6.07298858312788e-08,4.302924594412616e-08,0.08888888888888889
2.4814416974550115e-07,1.1919647704417003e-07,9.861641956376843e-08,1.0247825912301778e-07,0.1
