sdr_kfold_shap_10_aplha03_25_1000_l1,sir_intensity_total_shap_10_aplha03,binary_classifier_sota_10,sdr_average_10_aplha03_1000_l1,perturb_radius
0.0,0.0,0.0,0.0,0.0
4.723704734033163e-08,1.55281649938388e-07,7.173273104399414e-08,7.011477123342048e-08,0.005555555555555556
1.5841452523090992e-07,2.0434190446394495e-07,6.70381957945665e-08,7.824878593964968e-08,0.011111111111111112
7.597872127007577e-08,4.9694958192958436e-08,5.26763415109599e-08,4.911611881652789e-08,0.016666666666666666
2.247941210953286e-08,2.8737236945630683e-08,1.8050153727244832e-08,3.141315119137289e-08,0.022222222222222223
1.30241653550911e-07,2.9134210421943863e-08,1.1498892860117849e-07,9.563141531998553e-08,0.02777777777777778
9.123810968958424e-08,2.6682631197871843e-07,1.2820680872493995e-07,1.259671449815869e-07,0.03333333333333333
9.449319504639675e-08,3.019002974724572e-07,7.288512051673024e-08,1.6318427014994085e-06,0.03888888888888889
6.866785611236992e-08,2.2758214868190407e-08,3.062058624436759e-08,1.6347469227184775e-07,0.044444444444444446
8.898576595584017e-08,7.134137831599219e-08,7.916524751294673e-08,7.758090703191556e-08,0.05
